episodes=1
average_reward=299.0000000000034
rewards=299.0000000000034
